600.3529170519062 2346.3204902464818
894.3913035513586 592.4946477898465
1196.4696966175095 2892.883492508475
656.2017500494128 848.9282188201681
919.8946527397316 3808.744044256982
1005.7062178432681 1240.5385655557227
155.9418377604964 2120.3776602468133
1627.1023951408085 616.1972824068367
1641.195979649785 3039.3125132822515
836.1447802404251 226.54679246284414
0 1
0 2
0 3
0 4
0 5
0 6
0 7
0 8
0 9
1 2
1 3
1 4
1 5
1 6
1 7
1 8
1 9
2 3
2 4
2 5
2 6
2 7
2 8
2 9
3 4
3 5
3 6
3 7
3 8
3 9
4 6
4 8
4 9
5 7
5 8
5 9
6 7
6 8
6 9
7 8
7 9
8 9
